         Cal_age(BP)     Mean rate(mm/yr)   95%CI_lower(mm/yr)   95%CI_upper(mm/yr) 
               14600             -12.2388             -18.8769              -6.5669 
               14575             -14.0578             -18.5095             -9.99574 
               14550             -14.0934             -18.0898             -10.0743 
               14525             -14.0767             -17.8912             -9.96232 
               14500             -14.2212             -18.3285             -10.2091 
               14475             -14.1211             -18.0549             -10.2308 
               14450             -14.0682             -18.0894             -10.1636 
               14425             -14.1187             -17.9022             -10.2599 
               14400             -14.1843             -18.4998             -10.4373 
               14375              -14.094             -17.8592             -9.89618 
               14350             -13.9836             -17.9985             -10.0221 
               14325             -14.0433             -18.2719             -10.0407 
               14300             -14.1829              -18.065             -10.0856 
               14275             -14.2446             -18.0993             -10.0353 
               14250             -13.9562             -18.1727             -9.69632 
               14225             -14.0546             -18.4395             -9.84831 
               14200             -14.0884             -18.1853             -10.0766 
               14175             -14.0131             -18.2804             -9.30829 
               14150             -14.0798             -18.6238             -9.31238 
               14125             -14.1271             -18.4393             -9.43452 
               14100             -14.3109             -18.5975             -9.49816 
               14075             -14.0055             -18.8315             -9.33428 
               14050             -13.9201              -18.376             -9.79413 
               14025             -14.1797             -19.2485             -9.73934 
               14000             -14.1303             -19.1689             -9.72688 
               13975             -14.1015             -19.0007             -9.61642 
               13950             -13.9796             -18.6212             -8.86726 
               13925             -13.9873             -18.9335             -8.96504 
               13900             -14.0218             -18.6434             -9.39903 
               13875             -14.1092             -18.8196              -9.2935 
               13850             -14.1586             -19.0509             -9.64885 
               13825             -14.1034             -18.8227             -8.98246 
               13800             -13.9449             -18.8053             -9.08613 
               13775             -14.2578             -19.2292             -9.39644 
               13750             -14.1301             -19.7521             -9.38681 
               13725             -14.1637             -19.3285             -9.42615 
               13700             -14.1292             -18.6714             -8.98132 
               13675             -14.0336             -19.0292             -9.60504 
               13650             -14.0696              -19.103             -9.31406 
               13625             -14.2409             -19.0312             -9.33358 
               13600             -14.1769             -18.7049             -8.65623 
               13575             -14.0865             -19.3115              -9.1348 
               13550             -14.0382             -18.9941             -9.41973 
               13525             -14.1769             -19.3827             -9.75074 
               13500             -13.9505             -18.7578             -9.22013 
               13475             -14.0497             -18.6005             -9.24633 
               13450             -14.1512             -19.0842             -9.00632 
               13425             -14.1571             -18.7282             -9.45664 
               13400             -14.1591             -18.8742             -9.30787 
               13375             -14.0157             -18.4594             -9.20118 
               13350             -13.9881             -18.0548             -9.59292 
               13325             -14.0245             -18.9688             -9.75421 
               13300             -14.2079             -18.2113             -9.02664 
               13275             -14.1447             -18.4153             -9.88756 
               13250             -13.9769             -17.8357             -9.57346 
               13225             -14.1909             -18.3788             -10.2217 
               13200              -14.066              -18.003               -9.937 
               13175             -13.5787             -17.3657             -9.24811 
               13150             -12.7961             -16.9394             -8.84304 
               13125              -11.955             -16.3679             -7.67281 
               13100             -11.1943             -15.8433              -6.7557 
               13075             -10.0753             -14.8588             -5.87891 
               13050             -8.65228             -12.9002              -5.3739 
               13025              -7.4461             -11.6909             -3.91642 
               13000             -6.86211             -10.9549             -3.76223 
               12975             -6.45345             -9.77664             -3.32166 
               12950             -6.09422             -8.92021             -3.27108 
               12925             -5.83073              -8.7831             -2.79441 
               12900             -5.75157             -8.74983               -2.669 
               12875             -5.83593             -8.94049             -2.60934 
               12850             -5.68168             -8.50587             -2.67632 
               12825             -5.72687             -8.85248             -2.26023 
               12800             -5.78854             -9.40514              -2.4467 
               12775              -5.6985             -9.23194             -2.28563 
               12750             -5.78363             -9.51091              -2.5792 
               12725             -5.69675             -9.46105             -2.23358 
               12700             -5.83738             -9.77489             -2.00678 
               12675             -5.72552             -9.47904             -2.11489 
               12650             -5.66958             -9.24488              -1.9037 
               12625             -5.60484             -9.52338             -1.95998 
               12600             -5.88832             -9.24382             -2.19942 
               12575             -5.78459             -9.83581              -2.2043 
               12550             -5.75816             -9.27695             -1.96748 
               12525             -5.77856             -9.35462             -2.38607 
               12500             -5.68815             -9.77753             -1.87626 
               12475             -5.84665              -10.027             -2.32072 
               12450             -5.67017             -9.31575             -1.91916 
               12425             -5.66104             -9.56174              -2.1645 
               12400             -5.88603             -9.68965             -2.42361 
               12375              -5.8146             -9.77391             -2.16018 
               12350             -5.74177              -9.5677             -2.29771 
               12325              -5.6977             -9.39068             -2.30271 
               12300             -5.71243             -9.29408             -2.08435 
               12275             -5.71129             -9.09115             -2.15498 
               12250             -5.68204             -8.84866             -2.14263 
               12225             -5.73305             -8.97548             -2.48572 
               12200             -5.68999             -9.07555             -2.58907 
               12175             -5.73401             -9.24224             -2.64629 
               12150             -5.76034             -8.70196             -2.65848 
               12125             -5.65391             -8.63311             -2.92173 
               12100             -5.35182             -8.37456             -2.11772 
               12075             -5.28673              -8.1348             -2.46772 
               12050             -5.10703             -8.09664             -2.23339 
               12025             -4.76242             -7.63595             -1.94529 
               12000             -4.47461             -7.25162              -1.6754 
               11975             -4.05952             -6.53505             -1.54351 
               11950             -3.27125             -6.06795            -0.647025 
               11925             -2.67367             -5.28372            -0.198622 
               11900             -2.31117             -4.72622             0.431687 
               11875             -1.98167             -4.69457             0.954588 
               11850             -1.83267             -4.65599             0.984156 
               11825             -1.75285             -4.53249              1.48244 
               11800             -1.63868             -4.57778              1.44691 
               11775             -1.66562             -4.77678              1.71941 
               11750             -1.72161             -4.87936              1.63144 
               11725             -1.73102             -4.84427              1.78688 
               11700             -1.64615               -5.115               1.7734 
               11675             -1.63669             -5.16036              1.73017 
               11650             -1.69649             -5.36918              1.71927 
               11625              -1.5538             -5.04707              2.59701 
               11600              -1.7149             -5.54782              2.29279 
               11575             -1.47078             -5.46183              2.42122 
               11550             -1.81724             -5.46392              2.31976 
               11525             -1.86831             -5.75252              1.76254 
               11500             -1.41908             -5.31435                2.976 
               11475             -1.46458             -5.80399              2.69517 
               11450             -1.82386             -6.09452              2.19751 
               11425              -1.5624             -5.64067              2.75781 
               11400             -1.56604             -5.81453               2.4765 
               11375             -1.65739             -5.88038              2.95537 
               11350             -1.61277             -5.97998              2.72414 
               11325             -1.78541             -6.26203              2.47618 
               11300             -1.51058             -5.82485              2.90664 
               11275             -1.53112             -6.00968              2.94105 
               11250             -1.69178             -6.11525               3.2857 
               11225             -1.56229             -5.94463              2.97482 
               11200             -1.72864             -6.42859               3.0259 
               11175             -1.60628             -6.14632              2.62215 
               11150             -1.46097             -5.90044              3.17321 
               11125             -1.66675             -6.56632              3.05203 
               11100             -1.75274             -6.47602              2.69132 
               11075             -1.61096             -6.28183              2.83802 
               11050             -1.58935              -5.9558              2.86412 
               11025             -1.51073             -6.00877              3.32735 
               11000             -1.64567             -5.98676              3.18357 
               10975             -1.61075             -6.31465              2.50173 
               10950             -1.63413             -6.41459              2.82205 
               10925              -1.5635              -6.2888              3.00346 
               10900             -1.47545             -5.98084              3.20353 
               10875             -1.68923             -6.23354               3.0443 
               10850             -1.79183             -6.81663              2.95366 
               10825             -1.54103               -6.238              2.97672 
               10800             -1.66732             -6.37934              2.72139 
               10775             -1.62571             -6.51979              3.08936 
               10750             -1.63302              -6.2288              3.10963 
               10725             -1.69648             -6.00285              2.81509 
               10700             -1.61537             -5.87713               3.1392 
               10675             -1.70454             -5.83011              2.55095 
               10650             -1.63815             -5.94944              3.01604 
               10625             -1.50957             -5.47766              3.10399 
               10600             -1.55585             -5.99973              2.55263 
               10575             -1.66695             -6.04984              2.45236 
               10550             -1.65348             -5.89871              2.34822 
               10525             -1.52004             -5.56926              2.50766 
               10500             -1.78655             -5.71442              2.11016 
               10475             -1.66797             -6.30514              2.14367 
               10450             -1.58128             -5.48525              1.93498 
               10425             -1.60661             -5.38592              2.04485 
               10400             -1.53281             -5.20392              2.46201 
               10375             -1.66445             -5.48015              2.27537 
               10350             -1.59345             -5.78195              2.31622 
               10325             -1.56648             -5.14758              1.89661 
               10300             -1.72765             -5.06928              1.74696 
               10275             -1.58164             -4.63877              1.75332 
               10250             -1.76451             -4.74679              1.59731 
               10225             -1.64201             -4.73462              1.43923 
               10200             -1.64904             -4.39117              1.66739 
               10175             -1.72844             -4.72768              1.09965 
               10150             -1.65604             -4.36085              1.15236 
               10125             -1.54003             -3.97544              1.00709 
               10100             -1.16022             -3.78876              1.60274 
               10075            -0.666285              -3.4878              2.13549 
               10050            -0.374674             -3.24719              2.46931 
               10025            -0.361025             -3.06854              2.58865 
               10000            -0.199159             -3.07617              2.84765 
                9975            -0.191443             -2.84616              2.51635 
                9950            -0.114864             -2.78024              2.64169 
                9925            0.0210274             -3.00004              2.68398 
                9900             0.466601             -2.64909              3.30112 
                9875              0.61052             -2.88847              3.68658 
                9850             0.726148             -2.61723              3.85629 
                9825              0.69273             -2.39716              3.88409 
                9800             0.697977             -2.41997              3.70912 
                9775             0.669303             -2.19335              3.82139 
                9750             0.954925               -2.318              3.80603 
                9725               1.1156             -1.70776              4.14229 
                9700              1.66382             -1.48347               4.4459 
                9675              1.98287             -1.61119              5.43288 
                9650              2.19621             -1.55875              6.41902 
                9625              2.23549             -1.68983              6.61886 
                9600              2.22047             -1.77978              6.50668 
                9575              2.06731             -2.07416              6.59621 
                9550              2.12414             -1.66739              6.20784 
                9525              2.24489             -1.80675              6.26451 
                9500              2.15952             -1.55166              5.96363 
                9475              1.98177             -2.16153              5.74327 
                9450              2.00611             -1.81436              5.73016 
                9425              2.07666             -1.77495              5.70526 
                9400              2.02713             -1.59653              5.60191 
                9375              2.07159             -1.64511              5.73419 
                9350              2.09477             -1.24449              5.40238 
                9325              2.10848             -1.19311              5.82447 
                9300              2.33457             -1.26808              5.95302 
                9275               2.4943            -0.914951                 5.92 
                9250              2.81629             -0.90491              6.69214 
                9225              3.16078            -0.878488              6.92869 
                9200               3.5191            -0.445354              7.99357 
                9175              3.56831            -0.712371              8.15022 
                9150              3.68321            -0.327309              7.68297 
                9125              3.63238            -0.693613              8.43896 
                9100              3.77837            -0.435836              8.21455 
                9075               3.9572            -0.432275              8.48291 
                9050              3.89061            -0.198487              8.50094 
                9025              3.83024             -0.51295              7.99107 
                9000              3.68927            -0.416555               8.1751 
                8975              3.43096            -0.373329              7.33159 
                8950               3.0712            -0.245953              6.60621 
                8925               3.0143            -0.201341              6.35426 
                8900              2.81962            -0.307063              6.17962 
                8875              2.66138            -0.361533              5.93967 
                8850              2.77879            -0.124423              5.95517 
                8825              2.53822            0.0218696              5.26234 
                8800                2.473           -0.0382552              4.99265 
                8775              2.39189            -0.516937              5.14335 
                8750              2.32089            -0.434796              4.97136 
                8725              2.25513            -0.685243              5.41692 
                8700              2.33021            -0.905743              5.59172 
                8675              2.29846            -0.797972               5.7425 
                8650               2.3218             -1.28979              5.45366 
                8625              2.21056             -1.04608              5.87655 
                8600              2.18481             -1.56412              5.76943 
                8575              2.19269             -1.49561              5.39314 
                8550              2.40366              -1.0356              5.94033 
                8525              2.27867             -1.37875              5.86061 
                8500              2.14854             -1.88416              6.54438 
                8475              2.26716             -1.31028              6.38915 
                8450              2.23405             -1.97781               6.2213 
                8425              2.27081             -2.08179              6.46764 
                8400              2.28705              -1.8158              6.63269 
                8375              2.26145             -2.13577              6.41576 
                8350              2.20058             -2.39618              6.38496 
                8325              2.04997              -2.3474              6.23316 
                8300               2.1736             -2.07529              6.35371 
                8275              2.27583             -2.36314              6.87023 
                8250              2.22107             -1.81021              6.95293 
                8225              2.20581             -2.46269              6.73359 
                8200              2.20055             -2.47367              6.71601 
                8175              2.14725             -2.79862              7.06898 
                8150              2.24179             -2.84469              7.64695 
                8125              2.25389             -2.30133              7.27957 
                8100              2.38116             -2.74329              7.58352 
                8075              2.06762             -3.10442              6.78552 
                8050              2.15289             -3.05607              7.24456 
                8025              2.22842             -2.57426              6.88614 
                8000              2.18574             -2.82053              6.63199 
                7975               2.3206              -2.9828              7.31631 
                7950              2.31962              -2.6347               7.3371 
                7925              2.03617              -3.1112              6.87794 
                7900              2.14341              -2.6209               7.1113 
                7875              2.31394             -2.88632              7.28865 
                7850              2.02166             -3.06996              7.03063 
                7825              2.12355             -2.55194              7.77325 
                7800               2.1526             -2.66182              7.17882 
                7775              2.10437             -2.93224              7.49588 
                7750              2.42189             -2.63572              7.50886 
                7725              2.35058             -2.84382              7.81013 
                7700               2.2115             -2.76665              7.47523 
                7675              2.23789             -3.37746              7.34453 
                7650              2.13542             -2.75409              7.64248 
                7625              2.22553             -2.79926              7.81725 
                7600              2.24588             -3.04954              6.83172 
                7575              2.16081             -3.35897              7.29575 
                7550              2.26001             -3.29868              7.54182 
                7525              2.37736             -3.13883              7.37453 
                7500              2.03241             -3.54179              7.37964 
                7475              2.17743             -3.51205              7.85616 
                7450              2.22205             -2.78122              7.45208 
                7425              2.29329             -2.61904               7.3169 
                7400              2.32953             -2.59024              7.66159 
                7375              2.27352             -3.05031              7.31817 
                7350              1.93131             -3.88426              7.15524 
                7325              2.29995             -2.68626              7.09606 
                7300              2.23799             -3.25423              7.10062 
                7275               2.0704             -2.75338              7.11175 
                7250              2.28715             -2.82952              7.51578 
                7225              2.37354             -2.61356              7.20936 
                7200              2.25651             -2.34722              7.08198 
                7175              2.11112             -3.04285              7.35197 
                7150              2.17275             -2.99186               6.6085 
                7125              2.04425             -2.83099              6.84747 
                7100              2.08413             -3.19001               6.8773 
                7075               2.4535             -2.51233              7.00641 
                7050              2.32067             -2.27607              7.22178 
                7025              2.13629             -2.57502              6.93377 
                7000              2.15784             -2.74264              6.73773 
                6975              2.10518             -3.23262              7.32116 
                6950               2.3641              -2.7251              7.00766 
                6925              2.35353             -2.74112              7.12468 
                6900              2.13058             -2.66422              7.42384 
                6875              2.22571              -2.0791              6.34424 
                6850              2.12363             -2.26491              6.53841 
                6825              1.95094             -2.66933              6.36495 
                6800              2.29155             -1.97654              6.99289 
                6775              2.49253             -1.89443              6.48888 
                6750              2.07403             -2.37799              6.02021 
                6725               2.2636             -1.58728              6.51175 
                6700              2.21651             -1.67395              6.27444 
                6675              2.07434              -2.1372              6.18068 
                6650              2.30248             -1.41634              6.28312 
                6625              2.29312             -1.82191              6.00181 
                6600              2.35381             -1.31545              6.27951 
                6575              2.25928             -1.17273              5.71631 
                6550              2.22206             -1.66574               5.7959 
                6525               2.3318            -0.906697              5.48942 
                6500              2.14119             -1.35625              5.50289 
                6475              2.20925              -1.2673              5.27955 
                6450              2.36271            -0.875352              5.31208 
                6425              2.30816             -1.05464              5.47865 
                6400              2.30862            -0.439659              5.21272 
                6375              2.28763            -0.527658               5.1877 
                6350              2.27842            -0.183604              4.83909 
                6325              2.38779            -0.090403              4.83423 
                6300              2.41754             0.112638              4.40486 
                6275              2.18661            0.0426914              4.50468 
                6250              1.45618            -0.678402              3.55173 
                6225             0.819767             -1.73182              3.18425 
                6200             0.560913              -2.1711              3.30803 
                6175             0.452465             -2.43231              2.99402 
                6150             0.492576              -1.9744              3.11452 
                6125             0.518614             -2.37867              3.67099 
                6100             0.453456              -2.5911              3.33152 
                6075              0.42437             -2.67347              3.34984 
                6050             0.395415              -2.9138              3.34874 
                6025             0.564152             -2.80058               3.9045 
                6000             0.529387             -2.60331              3.87045 
                5975             0.320578              -3.0089              3.83825 
                5950             0.458042             -3.17095              3.56741 
                5925             0.430338             -3.03781              3.66427 
                5900             0.333936             -3.07695              3.55631 
                5875             0.431225             -3.05293              3.51474 
                5850             0.432801             -3.08679              3.70109 
                5825             0.406326             -2.78808              3.70557 
                5800             0.351608              -3.2288              3.59061 
                5775             0.449024             -2.94318              3.36971 
                5750             0.489421             -2.62864              3.95452 
                5725             0.528799                -3.16              3.87463 
                5700             0.458371              -2.6091              3.52987 
                5675             0.492767             -2.78719              3.64965 
                5650             0.473137             -2.65757              3.48378 
                5625             0.476442              -2.5656              3.39809 
                5600             0.423021             -2.63877              3.34488 
                5575             0.396818             -2.62434              3.23155 
                5550             0.455203             -2.47818              3.59558 
                5525             0.548245             -2.67629              3.38344 
                5500             0.462091             -2.44434              3.28835 
                5475             0.362381              -2.3756              3.22831 
                5450             0.502613             -2.15883              3.73171 
                5425             0.574071             -3.34239               4.2555 
                5400             0.517918             -3.11235              4.30521 
                5375             0.582827             -2.96444              4.15702 
                5350             0.490514             -3.70748              5.19115 
                5325             0.304372              -4.0894              4.77642 
                5300           -0.0829207             -5.07302              4.79004 
                5275            -0.784134             -6.54032              3.78162 
                5250             -1.62428             -8.44911              3.78902 
                5225             -2.35292             -9.46221              4.19811 
                5200             -2.69649              -11.559              4.64165 
                5175              -2.6761             -11.6979              4.02681 
                5150             -2.03413             -8.81995              3.53776 
                5125             -1.46139              -8.0239              3.49167 
                5100            -0.816037             -6.98266              3.64504 
                5075             0.104021             -3.47817               3.0268 
                5050             0.665241             -2.03557              3.38921 
                5025             0.694016             -2.00787              3.40695 
                5000             0.843379             -1.83779              3.89224 
                4975             0.752519             -2.21202              3.81496 
                4950             0.812741             -2.03661              3.62173 
                4925             0.787163             -2.55679              4.32479 
                4900             0.705915              -2.5374              3.79577 
                4875             0.501951             -3.15486               3.6828 
                4850             0.675577             -2.79094              4.03043 
                4825             0.935151             -2.90143               4.3799 
                4800             0.771496             -2.80618              4.41069 
                4775             0.652488             -2.90547              4.11533 
                4750             0.884077             -2.63233              4.38285 
                4725             0.832098              -2.7954              4.17376 
                4700             0.637744             -3.06444              4.69566 
                4675             0.667719             -2.96244               4.2518 
                4650             0.758106             -2.89478              4.48579 
                4625             0.802848             -2.63542              4.06471 
                4600              0.82592             -2.90913              4.38841 
                4575             0.770196             -3.04987               4.0845 
                4550             0.630772             -3.11787              4.15293 
                4525             0.750045             -2.92165              4.47738 
                4500             0.637787             -2.92969              4.11991 
                4475             0.719934             -2.45953              4.23121 
                4450             0.860673             -2.35317              4.03252 
                4425             0.720196             -2.55426              3.88194 
                4400             0.780628             -2.14554              4.12354 
                4375             0.714282             -2.39313              3.78394 
                4350             0.781456             -2.20245              3.65555 
                4325             0.804941             -2.43888              3.68352 
                4300             0.816381             -2.09176              3.73123 
                4275             0.831066             -1.90316              3.39518 
                4250             0.758475             -2.25536              3.33276 
                4225              1.05092             -1.88414              3.97849 
                4200              1.31923              -3.0416              5.16586 
                4175              1.48236             -3.41768              6.39301 
                4150              1.74497              -4.4176               7.6125 
                4125              1.15771             -2.73556              5.08795 
                4100             0.673293             -2.51307              4.05927 
                4075             0.560743             -2.35858              3.56486 
                4050             0.466454             -2.37086              3.35188 
                4025             0.464174             -2.21764              3.06886 
                4000             0.376261             -2.20389              3.23097 
                3975             0.414439             -2.47963              2.85894 
                3950             0.345072             -2.63875              3.03888 
                3925             0.402253              -2.4799              3.58978 
                3900             0.456221              -2.3081              3.33405 
                3875             0.430897             -2.45675              3.42527 
                3850             0.356813             -2.90466               3.3026 
                3825             0.379294             -2.82454              3.37011 
                3800              0.42317              -2.5032              3.03672 
                3775             0.201444             -2.73553              2.95008 
                3750             0.257142             -2.40956              2.68221 
                3725             0.152428             -2.63114              2.90516 
                3700            0.0749573             -2.72861              2.94256 
                3675           -0.0829215             -2.97015              2.94306 
                3650            -0.252737             -3.04162              2.51056 
                3625            -0.285883             -2.88313              2.56406 
                3600            -0.273807             -3.16667              2.67362 
                3575            -0.379252             -3.25924              2.82331 
                3550            -0.308013             -3.25544              2.83457 
                3525            -0.441561             -3.48893              2.76333 
                3500            -0.669548              -3.8005              2.44937 
                3475            -0.640048              -4.0406              2.42342 
                3450            -0.467356              -3.7881              3.05923 
                3425             -0.48454             -3.67535               2.6998 
                3400            -0.662461             -4.14138              2.66453 
                3375            -0.637081              -3.8751              2.84846 
                3350            -0.477881             -4.02453              2.85618 
                3325            -0.552775             -4.38176              2.99262 
                3300            -0.659303             -4.05322              3.17625 
                3275            -0.671613             -4.59013              3.55979 
                3250            -0.680245             -4.32486               3.1875 
                3225            -0.601537             -4.46143              3.63638 
                3200            -0.697665              -4.6412              2.99572 
                3175            -0.822802             -4.55706              2.96666 
                3150            -0.753704             -4.38425              2.99276 
                3125            -0.735625             -4.66626              3.02537 
                3100            -0.791896             -4.86834              3.23345 
                3075            -0.556637             -4.28808              3.42899 
                3050            -0.639805             -4.59748              3.39031 
                3025            -0.743645             -4.56525              3.24334 
                3000            -0.624281             -4.55374              2.93459 
                2975            -0.497149             -4.54762              3.53514 
                2950            -0.690759             -4.29456              3.16218 
                2925            -0.671524             -4.09432              2.66693 
                2900            -0.627852             -4.40294              3.27704 
                2875            -0.771519             -4.26021              2.75143 
                2850            -0.669296             -4.31895              2.75851 
                2825            -0.673311             -4.23392              2.96842 
                2800            -0.574085             -3.85986              3.10433 
                2775            -0.757497             -4.18487              2.86556 
                2750            -0.783273             -4.14174              2.53357 
                2725            -0.660549             -3.64114              2.39428 
                2700            -0.924675             -3.94653                2.171 
                2675             -1.14826             -4.41213              1.70223 
                2650             -1.66648             -4.70227              1.45148 
                2625             -2.25455             -5.34947              0.65278 
                2600             -2.69008              -6.3937              0.89863 
                2575             -2.97353             -6.14029            0.0748777 
                2550             -3.31192             -7.20814            0.0716482 
                2525             -3.79734             -7.52215            -0.301426 
                2500             -4.13177             -8.11776             -0.33812 
                2475             -4.58828              -8.6913            -0.310586 
                2450             -4.69046             -9.00402            -0.625422 
                2425             -4.50968             -8.78408            -0.736263 
                2400             -4.60807             -9.27991            -0.360224 
                2375             -4.63474              -8.9427            -0.651907 
                2350             -4.67573             -9.20739            -0.288717 
                2325             -4.51364             -8.92391            -0.410174 
                2300             -4.66226             -9.15309            -0.158773 
                2275             -4.75496             -9.05586            -0.639637 
                2250              -4.6482             -9.07377            -0.267351 
                2225             -4.47812             -8.65494            -0.355133 
                2200             -4.62217             -9.28394            -0.571179 
                2175             -4.37155             -8.43182            -0.244499 
                2150              -4.1024             -8.10882             0.186362 
                2125             -3.64094             -7.70805             0.819038 
                2100             -3.04963             -7.28932              1.19962 
                2075             -2.43908             -6.95462               1.3057 
                2050               -1.633             -5.61241              2.59657 
                2025            -0.559694             -5.06849              3.89742 
                2000             0.262783             -4.07121              4.70882 
                1975             0.920006             -2.95397              4.77968 
                1950              1.45326             -2.55099              5.49021 
                1925              1.52863             -2.44768              5.74151 
                1900              1.64582             -2.61842              5.93802 
                1875              1.68749             -2.29464              5.64561 
                1850              1.80295             -2.52466              5.72193 
                1825              2.16986             -1.80087              6.23715 
                1800              2.61598             -1.51341               7.1911 
                1775              2.95523             -1.19361              8.26163 
                1750              3.01977             -1.27156              8.27612 
                1725              2.56513             -1.34496              7.43317 
                1700             -0.39304             -3.97176              2.80278 
                1675             -3.02252             -7.77623              1.07238 
                1650             -2.82337             -7.56885              1.37246 
                1625              -2.8027             -6.78294               1.0909 
                1600             -2.66302             -6.54209             0.763257 
                1575             -2.52304             -6.27368              1.04494 
                1550             -2.33545             -5.93543             0.889028 
                1525              -2.0396             -5.32947              1.10719 
                1500             -1.66744             -4.82875              1.13304 
                1475              -1.5851             -4.41446              1.36716 
                1450             -1.46318             -4.23511              1.24414 
                1425             -1.36685             -3.84098              1.12722 
                1400             -1.30661             -4.05309              1.55077 
                1375             -1.20096             -3.89998              1.68913 
                1350             -1.17804             -3.92643              1.71235 
                1325              -1.1917             -4.22261              1.64864 
                1300             -1.28507             -4.38646              1.57415 
                1275             -1.12194             -3.86824              1.49489 
                1250              -1.1384             -4.41419              1.88281 
                1225             -1.21351             -4.21863              2.17768 
                1200             -1.20128             -4.33944              1.81246 
                1175             -1.27641              -4.2301              1.80334 
                1150             -1.19563             -4.38811              1.74301 
                1125             -1.15843             -4.24631              2.26676 
                1100             -1.09847             -4.64186              2.46937 
                1075             -1.25934             -4.42886              2.40875 
                1050              -1.1864             -4.36615              2.34014 
                1025             -1.11122             -4.65387              2.14735 
                1000             -1.20636             -4.57205              2.24737 
                 975             -1.14461             -4.30281              1.93246 
                 950              -1.1545             -4.39958               1.9159 
                 925             -1.13861             -4.25851              2.25699 
                 900              -1.1892             -4.53796              2.11437 
                 875             -1.27212             -4.53228              1.94999 
                 850             -1.24062             -4.50595              2.16248 
                 825             -1.03346             -4.03117              2.18567 
                 800             -1.09772             -4.18966              1.89661 
                 775              -1.1585             -4.10563              1.84384 
                 750               -1.261             -3.76879               1.6608 
                 725             -1.26749             -3.74772               1.3825 
                 700             -1.21398             -3.71892              1.48088 
                 675             -1.30431             -3.73229              1.20401 
                 650              -1.3413             -3.30267              1.14723 
                 625              -1.2441             -3.12438               1.0229 
                 600            -0.905598             -2.65946             0.896206 
                 575            -0.576731             -2.32512              1.31966 
                 550            -0.529819             -2.47639               1.4733 
                 525             -0.62483             -2.43011              1.31664 
                 500            -0.496733             -2.22884              1.36745 
                 475            -0.574304              -2.1999              1.32559 
                 450            -0.524362             -2.30297              1.57668 
                 425            -0.551463             -2.44315              1.30662 
                 400            -0.541941             -2.34116              1.38239 
                 375            -0.540931             -2.29117              1.57588 
                 350            -0.533863               -2.218              1.41227 
                 325            -0.591761             -2.24422              1.33993 
                 300            -0.511674              -2.2901              1.61832 
                 275            -0.507548             -2.18192               1.5297 
                 250             -0.51963             -2.33377              1.57288 
                 225            -0.547487             -2.27852              1.52719 
                 200            -0.534502             -2.13883              1.32853 
                 175            -0.502984             -2.29111              1.31492 
                 150            -0.489455             -2.26663              1.38037 
                 125            -0.544597                -2.31              1.37171 
                 100            -0.559909             -2.30714              1.28139 
                  75            -0.567608             -2.27804              1.36635 
                  50            -0.598585             -2.16068               1.2089 
                  25            -0.465149             -2.35886              1.44004 
                   0            -0.525008             -2.48855              1.67178 
