         Cal_age(BP)           Mean SL(m)       95%CI_lower(m)       95%CI_upper(m) 
               14600               31.743              28.7091              34.5172 
               14575              31.4145              28.4237              34.1036 
               14550              30.9724              27.9524              33.5579 
               14525              30.5381              27.6558              33.0594 
               14500              30.1071              27.2847              32.5379 
               14475              29.6704               26.838               32.158 
               14450              29.2423              26.5578              31.5851 
               14425              28.8073              26.1131              31.0617 
               14400              28.3768              25.8366              30.6806 
               14375              27.9312              25.4086              30.1637 
               14350              27.5052              25.0711              29.7049 
               14325              27.0739              24.6823              29.2058 
               14300              26.6384              24.3011              28.7436 
               14275              26.2052              23.8886              28.1998 
               14250              25.7711              23.4804              27.7941 
               14225              25.3423              23.1075              27.2953 
               14200              24.9123               22.785              26.8271 
               14175              24.4713              22.4214              26.3947 
               14150              24.0399              22.0351              25.9054 
               14125              23.6103              21.7314              25.3589 
               14100              23.1713              21.2978              24.9173 
               14075              22.7323              20.8785              24.4532 
               14050              22.3113              20.4851              23.9975 
               14025              21.8785              20.1157              23.5328 
               14000              21.4465              19.7131              23.0457 
               13975              21.0078              19.3525               22.561 
               13950              20.5724               18.905              22.0563 
               13925              20.1446              18.5667              21.7237 
               13900              19.7097              18.2679                21.22 
               13875              19.2811               17.885              20.7442 
               13850              18.8447              17.4795               20.293 
               13825              18.4132              17.1268              19.8606 
               13800              17.9796              16.7159              19.3599 
               13775              17.5487              16.3368              18.8894 
               13750              17.1134              15.9417              18.4373 
               13725              16.6804              15.5319               17.948 
               13700               16.245              15.1157              17.4831 
               13675              15.8124              14.7236              16.9984 
               13650              15.3824              14.3395              16.4896 
               13625              14.9451               13.837              16.0389 
               13600              14.5088              13.4631              15.6327 
               13575              14.0809                13.06               15.161 
               13550              13.6508              12.6886              14.6879 
               13525              13.2137              12.2185              14.2514 
               13500              12.7845              11.8155              13.8131 
               13475              12.3486              11.4603              13.3783 
               13450              11.9235              10.9902              12.9023 
               13425              11.4846              10.5669                12.55 
               13400              11.0557              10.1076              12.0632 
               13375              10.6198              9.66573                11.61 
               13350              10.1873              9.22523              11.1526 
               13325              9.75446              8.79051              10.7876 
               13300              9.32038              8.31494              10.3974 
               13275              8.88415              7.91561              9.97944 
               13250               8.4552               7.4302              9.52773 
               13225              8.02123              6.89918              9.12998 
               13200              7.59072              6.43361              8.70273 
               13175              7.15783              6.02212              8.31374 
               13150               6.7462              5.58542              7.92268 
               13125              6.36742              5.25868              7.56142 
               13100              6.00107              4.87825               7.1741 
               13075              5.67309              4.57609              6.78069 
               13050              5.38354              4.40777              6.40482 
               13025              5.13571              4.22217              6.09862 
               13000               4.9166              4.07181              5.80133 
               12975              4.71375              3.90964              5.57079 
               12950              4.52552              3.70241              5.36204 
               12925              4.34626              3.57559              5.10388 
               12900              4.16693              3.37751              4.86461 
               12875              3.99016              3.25467              4.70617 
               12850               3.8181              3.08458              4.53923 
               12825              3.63684              2.93064              4.32211 
               12800               3.4614              2.80299              4.14645 
               12775              3.28512               2.6206              3.96888 
               12750               3.1073              2.48304              3.74998 
               12725              2.93004              2.36624               3.5899 
               12700              2.75337              2.15457              3.35318 
               12675               2.5746              1.99488              3.17299 
               12650              2.39583              1.83933              3.00392 
               12625              2.22926              1.71288              2.83994 
               12600              2.05018              1.51453              2.61624 
               12575              1.86875              1.35901              2.40786 
               12550              1.69239              1.14447              2.23825 
               12525              1.51598              1.03343              2.01097 
               12500              1.33952             0.890383              1.84363 
               12475               1.1661             0.715465              1.64831 
               12450             0.984379             0.527962              1.45583 
               12425             0.814332              0.36655              1.25972 
               12400             0.631384             0.201228              1.10179 
               12375             0.456205            0.0382536              0.89637 
               12350             0.278551            -0.138456             0.732657 
               12325             0.106349            -0.294445             0.526952 
               12300           -0.0731617            -0.481909              0.32776 
               12275            -0.250474            -0.660361              0.16016 
               12250            -0.424145            -0.834969           -0.0571065 
               12225            -0.604562             -1.00676             -0.21539 
               12200            -0.778108             -1.19169            -0.410282 
               12175            -0.955963             -1.38207            -0.573092 
               12150             -1.13345              -1.5922            -0.764177 
               12125             -1.31107              -1.7379             -0.91537 
               12100             -1.47883             -1.87487             -1.12395 
               12075             -1.64196              -2.0051             -1.29046 
               12050             -1.80319             -2.18897             -1.45531 
               12025             -1.95482             -2.29107             -1.62181 
               12000             -2.10012             -2.45979             -1.76263 
               11975             -2.22422             -2.55927             -1.87233 
               11950             -2.33834             -2.64185             -2.00256 
               11925             -2.42417             -2.71222             -2.10975 
               11900             -2.49856             -2.78011             -2.21814 
               11875             -2.55824             -2.84321             -2.27856 
               11850               -2.613             -2.88756             -2.34887 
               11825             -2.66617             -2.91288             -2.41233 
               11800             -2.71644             -2.96493               -2.463 
               11775             -2.76358             -3.02592             -2.49745 
               11750              -2.8138             -3.07374               -2.543 
               11725              -2.8668             -3.13876             -2.59917 
               11700             -2.91788             -3.17172             -2.65646 
               11675              -2.9627             -3.21576             -2.71437 
               11650             -3.01334             -3.27242              -2.7492 
               11625             -3.06203             -3.32837             -2.80426 
               11600             -3.11165              -3.3782             -2.87842 
               11575             -3.15794              -3.4108             -2.91996 
               11550             -3.20848             -3.44692             -2.95564 
               11525             -3.26949             -3.51467              -3.0064 
               11500             -3.31611              -3.5531              -3.0684 
               11475             -3.35753             -3.61616             -3.11334 
               11450             -3.41086             -3.66064             -3.13929 
               11425             -3.46209             -3.70287             -3.21329 
               11400             -3.50592             -3.75276              -3.2678 
               11375             -3.56166             -3.81157             -3.31505 
               11350             -3.60948             -3.85499             -3.37623 
               11325             -3.65988             -3.89297             -3.43137 
               11300             -3.71154              -3.9368             -3.47529 
               11275             -3.75673             -4.01303             -3.50982 
               11250             -3.80954             -4.04023             -3.54966 
               11225             -3.85689              -4.0836             -3.60945 
               11200             -3.90602             -4.12067             -3.66162 
               11175             -3.96029             -4.18543             -3.72937 
               11150             -4.00453             -4.23453             -3.78118 
               11125             -4.05485             -4.28068             -3.82575 
               11100              -4.1062              -4.3564             -3.87162 
               11075             -4.15854              -4.3824             -3.91706 
               11050              -4.2112             -4.41741             -3.97634 
               11025             -4.25714             -4.48819             -4.04196 
               11000             -4.30388             -4.53539             -4.07052 
               10975             -4.35238             -4.56619             -4.13214 
               10950             -4.40539             -4.62044             -4.19795 
               10925             -4.45484             -4.68684              -4.2298 
               10900             -4.50194             -4.69964             -4.27451 
               10875             -4.54801             -4.74162             -4.31467 
               10850             -4.60592             -4.82625             -4.37924 
               10825             -4.65475             -4.88004             -4.43099 
               10800             -4.70246             -4.90334             -4.46114 
               10775             -4.75699             -4.97374             -4.52712 
               10750             -4.80187             -5.00638             -4.58743 
               10725             -4.85486             -5.06537             -4.65493 
               10700             -4.89999             -5.10903             -4.69395 
               10675             -4.95114             -5.15206                -4.75 
               10650             -5.00521             -5.21508             -4.81456 
               10625             -5.05161             -5.25401             -4.86776 
               10600             -5.09726             -5.28822             -4.88784 
               10575             -5.14503             -5.34513             -4.93542 
               10550             -5.20053             -5.37918             -4.98896 
               10525             -5.24663             -5.42711             -5.05539 
               10500             -5.29324             -5.46553             -5.10455 
               10475             -5.34989             -5.53585             -5.14446 
               10450             -5.39669             -5.58653             -5.20466 
               10425             -5.45119             -5.64277             -5.24534 
               10400             -5.49385             -5.66813             -5.30549 
               10375             -5.54879             -5.74907             -5.34949 
               10350             -5.59956             -5.78864             -5.40531 
               10325             -5.64837             -5.84236             -5.45769 
               10300             -5.69835             -5.86635             -5.50771 
               10275             -5.74704             -5.92574             -5.55976 
               10250             -5.79442             -5.96064             -5.62109 
               10225             -5.84704              -6.0216             -5.68273 
               10200             -5.89656             -6.06732             -5.71134 
               10175             -5.94681              -6.1058             -5.77205 
               10150             -5.99276              -6.1634                -5.83 
               10125             -6.03986             -6.19872             -5.86679 
               10100             -6.08006             -6.24092             -5.90822 
               10075             -6.10749             -6.26795             -5.94973 
               10050             -6.11813             -6.27523             -5.95679 
               10025             -6.12666             -6.30204             -5.94309 
               10000             -6.13714             -6.32355             -5.91845 
                9975             -6.14088             -6.33693             -5.90278 
                9950             -6.14657             -6.37178             -5.89314 
                9925             -6.14728             -6.39559             -5.85238 
                9900             -6.14133             -6.44562             -5.81024 
                9875             -6.12445             -6.47498              -5.7513 
                9850             -6.10478             -6.48616             -5.71085 
                9825             -6.08254             -6.52376             -5.66232 
                9800             -6.06025             -6.52565             -5.56393 
                9775             -6.04305             -6.54223             -5.54139 
                9750             -6.02085             -6.55686             -5.45145 
                9725             -5.99105             -6.58058             -5.40329 
                9700             -5.95128             -6.55955             -5.37317 
                9675             -5.89535             -6.44149             -5.28014 
                9650             -5.83156             -6.40805             -5.21775 
                9625              -5.7656             -6.35832             -5.15144 
                9600             -5.69496             -6.29765              -5.0457 
                9575             -5.62934             -6.23574             -4.97015 
                9550             -5.56975             -6.25254             -4.86812 
                9525             -5.50137             -6.26879             -4.72582 
                9500             -5.43473             -6.21371             -4.59513 
                9475             -5.37435             -6.25933             -4.48453 
                9450             -5.31294             -6.22833             -4.35378 
                9425             -5.25255             -6.20363             -4.24363 
                9400             -5.18965              -6.2157             -4.15223 
                9375             -5.12931             -6.20664             -4.07055 
                9350             -5.06917             -6.18383             -3.95637 
                9325             -5.00568              -6.1145             -3.90946 
                9300             -4.93917             -6.06365             -3.86452 
                9275             -4.86617             -5.99579             -3.79916 
                9250             -4.78719             -5.91687             -3.71087 
                9225             -4.69657              -5.7798             -3.65636 
                9200             -4.59016             -5.63581             -3.60382 
                9175             -4.48075             -5.54184             -3.55261 
                9150             -4.36248             -5.36825             -3.47378 
                9125             -4.25361             -5.23974             -3.40911 
                9100             -4.14218             -5.09333             -3.26547 
                9075             -4.02329             -4.92565             -3.19359 
                9050             -3.90674             -4.83411             -3.08224 
                9025             -3.78739             -4.72302              -2.9427 
                9000             -3.67131             -4.59447             -2.78559 
                8975             -3.55983             -4.49766             -2.66435 
                8950             -3.46182             -4.38963             -2.57077 
                8925             -3.37434             -4.30575             -2.41858 
                8900             -3.29144             -4.20206              -2.3232 
                8875             -3.20971               -4.104             -2.26117 
                8850              -3.1292             -4.02296             -2.16773 
                8825             -3.04912             -3.91876             -2.12022 
                8800             -2.97597             -3.87248              -2.0744 
                8775             -2.90786             -3.76588              -2.0249 
                8750             -2.84097             -3.72026             -1.93911 
                8725             -2.77334             -3.64394              -1.8674 
                8700             -2.70425             -3.56434             -1.84107 
                8675              -2.6365             -3.50399             -1.76846 
                8650             -2.56717             -3.41921             -1.68537 
                8625             -2.49781             -3.31118             -1.63508 
                8600             -2.42884             -3.24828             -1.55145 
                8575             -2.36923             -3.17045             -1.53132 
                8550              -2.2988             -3.11948             -1.46613 
                8525             -2.22553             -3.04362             -1.42384 
                8500             -2.15831             -2.95704             -1.35537 
                8475             -2.09138             -2.93916              -1.3073 
                8450             -2.02331             -2.80046             -1.18481 
                8425             -1.95839             -2.76354             -1.15897 
                8400             -1.88958             -2.69272             -1.09815 
                8375              -1.8199             -2.60475             -1.00919 
                8350             -1.74932             -2.46225            -0.949339 
                8325             -1.68642             -2.43908            -0.923416 
                8300              -1.6178             -2.37621            -0.860141 
                8275              -1.5495             -2.31887             -0.78783 
                8250             -1.48296              -2.2579            -0.709659 
                8225              -1.4138             -2.19097             -0.64553 
                8200             -1.34525             -2.09631            -0.628791 
                8175             -1.27872             -2.03706            -0.499577 
                8150             -1.21141             -1.94055            -0.434526 
                8125             -1.14497             -1.85557            -0.396623 
                8100             -1.07432             -1.80261            -0.307975 
                8075             -1.00427             -1.71825            -0.281225 
                8050            -0.938858             -1.66119            -0.168358 
                8025            -0.871902             -1.60482            -0.143015 
                8000            -0.805195             -1.50875           -0.0725684 
                7975            -0.736983             -1.44883             0.012238 
                7950            -0.664413             -1.38039            0.0768096 
                7925            -0.595735             -1.27478             0.130684 
                7900            -0.533092             -1.19957             0.204405 
                7875            -0.464358             -1.17149             0.288921 
                7850            -0.393797             -1.08867             0.300962 
                7825            -0.328174             -1.02275             0.387509 
                7800            -0.261353            -0.943603             0.455234 
                7775            -0.197064            -0.863412             0.552388 
                7750            -0.127467             -0.82025             0.572039 
                7725           -0.0526862            -0.754924             0.653981 
                7700             0.018843            -0.639277             0.765984 
                7675             0.086397            -0.587412             0.790071 
                7650             0.154821            -0.542835             0.888612 
                7625             0.216821            -0.449159             0.900449 
                7600             0.283284            -0.366875             0.959818 
                7575             0.352489            -0.307338              1.04919 
                7550             0.420782            -0.227258              1.09751 
                7525             0.494683            -0.128526              1.21067 
                7500             0.557932             -0.10443              1.28357 
                7475             0.626261           -0.0454837              1.31599 
                7450             0.692715            0.0387493              1.38701 
                7425             0.762666            0.0934378              1.41999 
                7400             0.829206             0.172152              1.50937 
                7375             0.903401             0.238849              1.60274 
                7350              0.96615             0.244866              1.69422 
                7325              1.03142             0.351909              1.73383 
                7300               1.1081             0.462135              1.79063 
                7275              1.17365             0.501028              1.84338 
                7250              1.23208             0.615164              1.92306 
                7225               1.3043             0.673353              2.02723 
                7200              1.37639             0.696325              2.04837 
                7175              1.44227             0.752759              2.14811 
                7150               1.5128             0.860588              2.20149 
                7125              1.58084             0.932051              2.25078 
                7100              1.64207             0.953029              2.32658 
                7075              1.71115              1.05828              2.41576 
                7050              1.78167              1.11513              2.46133 
                7025               1.8546              1.20924              2.55146 
                7000              1.92248              1.23446              2.56875 
                6975              1.99186              1.28033              2.64353 
                6950              2.05951              1.37908              2.71548 
                6925               2.1328              1.44966               2.8382 
                6900              2.19797              1.51649              2.89243 
                6875              2.26169              1.61278              2.97998 
                6850              2.33238              1.67719              3.01022 
                6825              2.39579              1.73761              3.10015 
                6800              2.45702               1.7681               3.1696 
                6775              2.53658              1.84571              3.26142 
                6750              2.60219              1.89206               3.3282 
                6725               2.6758              1.98978              3.36074 
                6700              2.74454              2.05753              3.46051 
                6675              2.80492              2.10837              3.54052 
                6650              2.87386              2.16712              3.60066 
                6625               2.9448              2.22939              3.66634 
                6600              3.01618              2.32031              3.77774 
                6575               3.0848              2.36388              3.88281 
                6550              3.15033              2.41909              3.89078 
                6525              3.22389               2.5235              4.01353 
                6500              3.28794              2.54637              4.05371 
                6475              3.35587              2.58288              4.10536 
                6450              3.42181              2.62653              4.19284 
                6425              3.49374              2.74185               4.2912 
                6400              3.56027              2.80823              4.34475 
                6375              3.63016              2.84612              4.44596 
                6350              3.69792              2.91346              4.52702 
                6325              3.76743              2.96868              4.55346 
                6300              3.83618              3.05007              4.60963 
                6275              3.89849              3.11171              4.72416 
                6250              3.95067              3.17324              4.74243 
                6225              3.97591              3.19571              4.77381 
                6200                3.991              3.23748              4.76349 
                6175              4.00486              3.29069              4.73012 
                6150              4.01684               3.3127              4.73402 
                6125              4.03166              3.36493              4.73332 
                6100              4.04473               3.3714               4.7154 
                6075              4.05765              3.42435              4.72269 
                6050               4.0689                3.454              4.71147 
                6025              4.08298              3.47548              4.71434 
                6000              4.09869              3.50449              4.70958 
                5975              4.11406              3.52902              4.71847 
                5950               4.1237              3.57648                4.705 
                5925               4.1407              3.59916              4.71268 
                5900              4.14866              3.63396              4.65868 
                5875              4.16072              3.66149              4.68183 
                5850              4.17477              3.68121              4.69227 
                5825              4.19037              3.70744              4.66697 
                5800              4.20067              3.71441              4.68039 
                5775              4.21387              3.74675              4.69001 
                5750              4.22989              3.74592              4.71081 
                5725              4.24267              3.76384              4.70409 
                5700              4.25687              3.79149              4.73631 
                5675              4.27342               3.8175              4.76936 
                5650              4.28712              3.82375              4.77312 
                5625              4.30031              3.81712               4.7985 
                5600              4.31333              3.83792              4.81854 
                5575              4.32406              3.85575               4.8316 
                5550               4.3335              3.83804              4.83641 
                5525              4.34826              3.86781               4.8481 
                5500              4.36353                3.883               4.8785 
                5475              4.37408              3.88895              4.89746 
                5450              4.38793               3.9037              4.90056 
                5425              4.40095              3.95876              4.89083 
                5400              4.41678              3.99415              4.88837 
                5375              4.42991              4.03122              4.84605 
                5350              4.44876              4.07836              4.85324 
                5325              4.46241              4.10707              4.82244 
                5300              4.46856              4.09209              4.79671 
                5275              4.45587               4.0271              4.78653 
                5250              4.41616               3.8689              4.83703 
                5225              4.35006              3.68452              4.84363 
                5200              4.26844              3.42786              4.91944 
                5175              4.17953              3.24072              4.96815 
                5150              4.10636              3.09475              5.02137 
                5125              4.05124              2.88012              5.06026 
                5100              4.01173              2.77531              5.07632 
                5075              4.00376              2.73153              5.10838 
                5050              4.01985              2.77837              5.06951 
                5025              4.03906              2.83379              5.06179 
                5000              4.06091              2.89616              5.06011 
                4975               4.0827              2.97312              5.07599 
                4950              4.10383              3.01247              5.04455 
                4925               4.1274              3.06325              5.05014 
                4900              4.15456              3.12634              5.03391 
                4875              4.17387              3.17013               5.0198 
                4850              4.18869              3.24819              4.99025 
                4825              4.21112              3.28881              5.00722 
                4800              4.23816               3.3604              4.99564 
                4775               4.2581              3.37651              4.98116 
                4750              4.28224              3.48017              4.99116 
                4725              4.30984              3.52067              5.00245 
                4700              4.32782              3.55544              5.00296 
                4675              4.35128              3.61979              4.98608 
                4650              4.37222              3.70122               4.9792 
                4625               4.3954              3.70436              4.99004 
                4600              4.42153               3.7567              4.98731 
                4575              4.44253              3.81947              5.00427 
                4550              4.46198              3.87198              4.97464 
                4525              4.48471              3.89487              5.01365 
                4500              4.50863              3.96559              5.00422 
                4475              4.52781              4.02843              5.02948 
                4450              4.54855              4.05197              5.03327 
                4425                4.572              4.04909              5.06217 
                4400              4.59436              4.13638              5.09365 
                4375              4.61632              4.15126              5.09824 
                4350              4.63643              4.14861              5.11166 
                4325              4.66327              4.18585              5.12583 
                4300              4.68517              4.23625              5.16782 
                4275              4.70787              4.25453              5.17777 
                4250              4.72597              4.27018              5.21696 
                4225              4.75148              4.31991              5.22107 
                4200              4.78303              4.36366              5.21447 
                4175              4.82786              4.40581              5.19249 
                4150              4.87605              4.53842              5.17429 
                4125              4.91817              4.61773              5.20723 
                4100              4.93782              4.63519              5.20982 
                4075              4.95517              4.68508               5.2307 
                4050              4.96745              4.70076              5.23471 
                4025              4.97895              4.71311               5.2492 
                4000              4.99122              4.71272              5.27309 
                3975              5.00156              4.73571              5.27156 
                3950              5.01343              4.74242              5.27579 
                3925              5.02241              4.72169              5.30243 
                3900              5.03487               4.7263              5.31623 
                3875              5.04931              4.72673              5.34699 
                3850              5.05963              4.71876              5.37664 
                3825              5.06801              4.72212              5.39563 
                3800              5.08075              4.70695              5.43226 
                3775              5.08899              4.68284              5.45649 
                3750              5.09435              4.66778              5.48891 
                3725              5.10043               4.6843              5.49164 
                3700              5.10321              4.66904              5.49683 
                3675               5.1049              4.65084              5.50805 
                3650              5.09838              4.62897              5.49502 
                3625              5.08904               4.6329               5.5189 
                3600              5.08225              4.60768              5.51695 
                3575              5.07021               4.5696              5.52105 
                3550              5.05662              4.51233              5.52753 
                3525              5.05009              4.51173              5.53213 
                3500              5.03401              4.47193               5.5325 
                3475               5.0135              4.40871               5.5316 
                3450              4.99712              4.40624              5.52688 
                3425              4.98311              4.36637              5.54611 
                3400              4.96721              4.32122              5.52601 
                3375              4.95008              4.28136              5.56044 
                3350              4.92857              4.24066               5.5335 
                3325              4.91228              4.23428              5.58052 
                3300              4.89667              4.14057              5.60675 
                3275              4.87665                4.086              5.58621 
                3250              4.85404              4.04012              5.61218 
                3225              4.83764              4.01335              5.59574 
                3200              4.81888              3.97326              5.65424 
                3175              4.79493              3.88721              5.64757 
                3150               4.7727              3.85031              5.68485 
                3125              4.75372              3.78272              5.71692 
                3100              4.73026              3.73196              5.73467 
                3075              4.70942              3.64992              5.75709 
                3050              4.69418               3.5948              5.82218 
                3025               4.6724              3.57317              5.81189 
                3000              4.64956              3.47307              5.78778 
                2975               4.6348               3.3765              5.89203 
                2950              4.61767              3.36706              5.92397 
                2925              4.59436              3.32938              5.93827 
                2900              4.57961              3.28434              5.93454 
                2875              4.55715               3.1319              6.03015 
                2850               4.5304              3.13276              5.95648 
                2825              4.51329              3.06548              6.01147 
                2800              4.49328              3.02264              6.08455 
                2775              4.47679              2.94859              6.10208 
                2750               4.4541              2.89266               6.1064 
                2725              4.43393              2.86715              6.14434 
                2700              4.41202               2.7426              6.17907 
                2675              4.38185               2.6827              6.15429 
                2650              4.34464               2.6558              6.19522 
                2625              4.28271               2.5631               6.0647 
                2600              4.20886              2.51874              5.97236 
                2575              4.12115               2.4661              5.93327 
                2550              4.02856              2.41907                5.756 
                2525              3.92283              2.34728              5.64389 
                2500               3.7998              2.28812              5.47572 
                2475              3.66541              2.21687              5.24247 
                2450              3.52002              2.11258              5.00699 
                2425              3.37659              2.04906              4.82962 
                2400              3.23455              1.97729              4.60776 
                2375              3.09464              1.90535              4.40409 
                2350              2.94825               1.8301              4.17646 
                2325              2.81061              1.72897              3.95556 
                2300              2.66811              1.64071              3.77164 
                2275              2.52621              1.58693              3.61865 
                2250               2.3809              1.49755               3.3586 
                2225              2.24337               1.4122              3.17488 
                2200              2.10185              1.29217              3.00078 
                2175              1.96475              1.12429               2.8049 
                2150              1.83266                1.031              2.70907 
                2125              1.71693             0.899859              2.60204 
                2100              1.61491             0.780055              2.50761 
                2075              1.52786             0.731551              2.35216 
                2050              1.46472             0.685175              2.24359 
                2025              1.43088              0.64796              2.17585 
                2000              1.42725             0.635733              2.15018 
                1975              1.44811             0.663011              2.13835 
                1950              1.48871              0.74381              2.14249 
                1925              1.53467             0.904341              2.15906 
                1900              1.58168             0.977111              2.15446 
                1875              1.63915              1.02272              2.20888 
                1850              1.68512              1.08114              2.25051 
                1825              1.74296              1.12458              2.35107 
                1800               1.8159              1.21139                2.411 
                1775              1.90092              1.33396              2.50428 
                1750              1.99181              1.39101              2.61992 
                1725              2.08592              1.41031              2.75334 
                1700              2.13601               1.4635              2.86929 
                1675              2.05879              1.44113              2.73967 
                1650              1.95894              1.42827              2.51694 
                1625               1.8721              1.40083              2.37323 
                1600              1.78861              1.37374              2.23998 
                1575              1.71119              1.37907              2.10287 
                1550              1.63807              1.34793              1.97259 
                1525               1.5769              1.31608              1.87608 
                1500              1.52268              1.27903              1.79215 
                1475              1.47565              1.23406              1.74951 
                1450              1.43278              1.19833              1.69574 
                1425              1.39516              1.19074              1.62087 
                1400              1.35962              1.14105              1.58676 
                1375              1.32236              1.09426              1.54406 
                1350              1.28975              1.07531              1.50767 
                1325              1.25664              1.03834              1.47176 
                1300              1.21702             0.993106              1.43934 
                1275              1.18268             0.961524              1.42078 
                1250              1.14647             0.915992               1.3562 
                1225              1.11044             0.877994              1.31606 
                1200              1.07549             0.867886              1.28743 
                1175              1.03831             0.802033              1.24851 
                1150              1.00706             0.783267              1.22635 
                1125             0.968471             0.739327              1.18763 
                1100             0.939275             0.704548              1.18013 
                1075             0.901491             0.655229              1.13761 
                1050             0.863276             0.610629              1.12551 
                1025             0.830527             0.570112              1.07577 
                1000              0.79376             0.518777              1.02679 
                 975             0.758446             0.476455              1.01431 
                 950             0.723268             0.451098             0.980534 
                 925             0.685042             0.401214             0.953214 
                 900             0.653468             0.346576             0.920994 
                 875             0.616275             0.301686             0.877439 
                 850             0.578973             0.285126             0.881357 
                 825             0.543065             0.206614             0.829993 
                 800             0.510203             0.185964             0.805085 
                 775             0.476115              0.13358             0.772505 
                 750             0.440304             0.102266             0.764552 
                 725              0.40623              0.06484             0.709259 
                 700             0.368912            0.0114262             0.703286 
                 675             0.334632           -0.0435083             0.675708 
                 650             0.300446           -0.0890973             0.648556 
                 625             0.266502            -0.124878             0.635128 
                 600             0.240991            -0.152702             0.603935 
                 575             0.228015            -0.143658             0.577666 
                 550             0.217907            -0.136483             0.557528 
                 525             0.207492            -0.131063             0.518188 
                 500             0.198333            -0.127343             0.500884 
                 475             0.188086            -0.117004             0.474005 
                 450             0.177821            -0.114727             0.444958 
                 425             0.168047            -0.114032             0.419541 
                 400             0.158044           -0.0973924             0.393242 
                 375             0.148799           -0.0982443             0.377837 
                 350             0.138227            -0.091523             0.347617 
                 325             0.128177           -0.0809471             0.326746 
                 300             0.118257           -0.0836205             0.300727 
                 275             0.108718           -0.0662759             0.276901 
                 250            0.0991483           -0.0610895             0.252738 
                 225            0.0894298            -0.053419             0.227037 
                 200            0.0789592           -0.0513443             0.201483 
                 175            0.0690918             -0.04512             0.174425 
                 150             0.059684            -0.040919             0.148612 
                 125            0.0494402           -0.0338641             0.124011 
                 100            0.0397929           -0.0266357            0.0995583 
                  75            0.0301187           -0.0196961            0.0784332 
                  50            0.0197251           -0.0140046            0.0514521 
                  25           0.00970625          -0.00955322            0.0269863 
                   0                    0                    0                    0 
